====================================================================================================
Trigger Name                         LBs    Events   Fireds  L_eff [nb^-1]  <p^trig>  sigma_eff [nb]
====================================================================================================
HLT_Jet30                         109196  26254892  1884768         12.567  185672.6      149981.925
HLT_Jet60                         109196  26254892  1829490        293.986    7936.7        6223.060
HLT_Jet80                         102304  24742482  1512638        901.352    2293.8        1678.188
HLT_Jet110                        109196  26254892  2212878       6172.430     378.0         358.510
HLT_Jet150                        102304  24742482  2616716      33521.114      61.7          78.062
HLT_Jet190                        109196  26254892  2715282     114843.687      20.3          23.643
HLT_Jet240                        109196  26254892  2806220     392659.479       5.9           7.147
HLT_Jet300                         98462  22788815  4616184    2284792.618       1.0           2.020
HLT_Jet370                        109196  26254892  1514305    2333280.071       1.0           0.649
HLT_Jet800                         47156  10578173    23332    1414462.687       1.0           0.016
----------------------------------------------------------------------------------------------------
HLT_DiJetAve30                     98462  22788815  1394369         20.585  110990.5       67735.556
HLT_DiJetAve60                     98462  22788815  1440740        539.491    4235.1        2670.555
HLT_DiJetAve80                     91570  21276405  1059885       1474.722    1369.1         718.702
HLT_DiJetAve110                    98462  22788815  1714381      10583.561     215.9         161.985
HLT_DiJetAve150                    91570  21276405  2162760      59292.115      34.1          36.476
HLT_DiJetAve190                    98462  22788815  2343401     208109.103      11.0          11.260
HLT_DiJetAve240                    98462  22788815  2697899     800844.351       2.9           3.369
HLT_DiJetAve300                    98462  22788815  2356128    2284792.618       1.0           1.031
HLT_DiJetAve370                    98462  22788815   741410    2284792.618       1.0           0.324
----------------------------------------------------------------------------------------------------
HLT_DiJetAve15U                    10734   3466077   225367          1.841   26335.3      122404.801
HLT_DiJetAve30U                    10734   3466077   353409         45.628    1062.7        7745.523
HLT_DiJetAve50U                    10734   3466077   339051        298.084     162.7        1137.434
HLT_DiJetAve70U                    10734   3466077   624758       2061.075      23.5         303.122
HLT_DiJetAve100U                   10734   3466077   301727       4314.114      11.2          69.940
HLT_DiJetAve140U                   10734   3466077   415806      25144.074       1.9          16.537
HLT_DiJetAve180U                   10734   3466077   255163      48487.453       1.0           5.262
HLT_DiJetAve300U                   10734   3466077    21347      48487.453       1.0           0.440
----------------------------------------------------------------------------------------------------
HLT_Jet240_CentralJet30_BTagIP     47156  10578173  2216488    1414462.687       1.0           1.567
HLT_Jet270_CentralJet30_BTagIP     47156  10578173  1280355    1414462.687       1.0           0.905
HLT_Jet370_NoJetID                109196  26254892  1711067    2333280.071       1.0           0.733
====================================================================================================
